0.977096792412116
0.819921921867551
1.04366463567802
1.77661214040549
0.894685495893071
0.954047334833493
0.92783315180705
1.08562575395759
1.15762394427555
0.987609710946836
0.839960943200295
0.969513839979094
0.946594888481561
0.930824115949373
0.973427034404309
0.894197206078129
1.08065009125244
0.827675646430707
0.98246497976404
0.965389237828556
0.932175474387695
1.04307646363501
0.859762828395726
0.957909781185424
1.05498239911888
1.08414179557791
1.05331994750597
0.728592921908693
0.797916930529383
0.843737404667314
0.864161327081107
0.94208124722073
0.917628352943177
0.849748611563866
0.915446068460417
0.813070637425935
0.896162685442249
0.898276413288003
0.934303889743324
0.404178360800051
0.334027655922116
0.432616645169428
0.320168344094158
0.311405056079022
0.368685978502761
0.390902709685556
0.341130365599535
0.44720756990061
0.325120870419705
0.339060611799015
0.324671827965126
0.34530487687248
0.280081315304651
0.277230709685556
0.287854494631793
0.344254107535019
0.335169032266202
0.330670795707062
0.313326795707061
0.356239605435245
0.342007096782331
0.293128629040395
0.321715311836094
0.334126194116317
0.379721172518656
0.358766580653298
0.317465849470503
0.28554625835074
0.287436560074878
0.334567139793083
0.301938838717814
0.343068883921089
0.33804356990061
0.335608559147922
0.333722107535019
0.329362279578029
0.329302021513514
0.327243870975879
0.329101083601599
0.350471612911363
0.29195827957803
0.384146042833498
0.329500086029643
0.311817335936947
0.304133462373728
0.318603612911363
0.316264645169427
0.334966775592119
0.30446068818018
0.317538967750072
0.277853763448997
0.290607526889858
0.302739010760825
0.338085634416739
0.327759225814589
0.346993126612351
0.48867845162104
0.283528258072653
0.347401204309212
0.340156817212438
0.324566193556524
0.315758150545771
0.313373892481255
0.332873591405987
0.398433505384481
0.264281301454188
0.289743680486429
0.288749758072636
0.28682068818018
0.294866623664051
0.311925419362976
0.260691344557636
0.360278236567277
0.307297032266202
0.303842193556524
0.454881032266202
0.31093901697143
0.293464559147922
0.318727010760825
0.296760473126417
0.347305677427492
0.318607053771578
0.332240516137169
0.323058564273556
0.322003010760825
0.318807741943621
0.320522580653298
0.321844430115664
0.332838193556524
0.308276000008137
0.328247931615502
0.303555698932868
0.318009677427492
0.321436645169428
0.343116473867981
0.342966021513513
0.300910150545771
0.315101322173442
1.10102654289687
1.09313469907909
1.15444953638928
1.1448754876295
1.17640326459166
1.14233822675993
1.13020574849906
1.15881183573852
1.11740818328167
1.20890363617236
1.19340511122659
1.19147171897678
1.15659711872879
1.18380913980341
1.1915954876295
0.985693634970257
1.05607630738405
1.0648874280737
1.11708208324612
1.09427279375433
1.05956656600474
1.08596476715416
1.04777711347451
0.936402031817971
0.999968893590947
0.991198788659542
1.0617563504875
1.12595083167029
0.977537083246118
0.912105799412229
0.87373526177782
1.05071087468105
1.10672296070255
1.07316171339072
1.11543913274556
1.07640704014267
1.0881813504875
1.00673204014267
0.89918559404973
0.948761369304702
0.915482246410245
0.912833748556168
0.940846194908099
0.980669197261693
1.10973354134771
1.02549530478857
0.984172767154165
1.06089870263804
1.09508059511115
1.15118156600474
1.05617741231546
1.09487035855201
1.1315229176918
1.20591758435847
1.08635971255646
1.01818433704664
1.15034294531509
1.0679638504875
1.17125001680549
1.12298397357284
1.00876464984372
0.866215036109816
0.912504724143413
0.987845942938264
1.12528567037997
1.12408665962728
1.11270902521868
1.18446297085787
1.13508367807371
1.12620568035621
1.08753203597137
1.20540173841853
1.10032451673115
1.11597936302437
1.18042515425094
0.967476466078896
0.961605799412229
0.927979755659912
0.91416110691148
1.10415272414341
0.335977117028736
0.352424356146178
0.351142075901004
0.351598823709451
0.356504646912552
0.352167534843586
0.343735681395311
0.346510205581652
0.330036371050483
0.357178871050483
0.348882983119448
0.343128693702602
0.337995422774621
0.340744172774621
0.346096327947035
0.272381241740138
0.348616974498759
0.384926914444975
0.369117397058074
0.355687028559972
0.361662185778417
0.352045552084966
0.350246586567724
0.34319869863669
0.350121802084965
0.347116112429793
0.366618267602207
0.358066585529087
0.346408440016
0.347815465878069
0.353902689382947
0.367733056553574
0.344590079893642
0.354627491740138
0.368414917545678
0.46860666394798
0.421148356805655
0.433570500154877
0.423785622167283
0.377618310583945
0.422832741534186
0.382418086361773
0.416953646706601
0.417665198430738
0.425504857885568
0.416774939810049
0.451910844982462
0.426150844982462
0.457098991534187
0.435911360427864
0.42248567861991
0.427169652701983
0.414588529591832
0.430852114905006
0.432765030671745
0.446415009073473
0.418824274353303
0.38706916394798
0.438007795250579
0.421523086361772
0.363128443198743
0.329826499354251
0.420388702378009
0.448582006913646
0.417006412961162
0.40382416674086
0.412034010740905
0.448283258775566
0.445673603603152
0.401660711017318
0.425244077741084
0.387063259194046
0.413653086361772
0.443790462085407
0.451680754213862
0.417518983155547
0.418391491534187
0.375598162421205
0.420966172731323
0.435108689810048
0.381733560499704
0.33884952311235
0.45366765532729
0.372437094982462
0.435466276016945
0.435888709924991
0.400224857885568
0.41817265532729
0.393530543258324
0.450315672568669
0.440576793258324
0.422256836361773
0.383376577741083
0.435627569120393
0.543197550138845
0.557564029620487
0.539198664870357
0.517257483632817
0.405945434910661
0.543797852514655
0.536105001077253
0.490126897628977
0.516991688785819
0.53435456957729
0.548020016329242
0.35995992594878
0.545337982104288
0.71240567108917
1.31158051949029
1.39158843276542
1.35805882239766
1.29386895775503
1.29366754535236
1.31343112293857
1.51880185569719
1.1996009292961
1.38122496054191
1.38878543570389
1.39749329747495
1.35139513155926
1.33418059769093
1.31876150481836
1.37771017466271
1.40684388155926
1.38031014412722
1.39507482983512
1.34151951777733
1.36164392466271
1.39823411820929
1.29056157755101
1.41662556259374
1.38945563008834
1.34325437738856
1.39337237293857
1.37163383845581
1.37965314880064
1.40762789017995
1.42390396776615
1.36951125224891
1.35132569190409
1.37004224362823
1.44132908678729
1.37162780397305
1.26644173748644
1.34360655397305
1.31332051949029
1.34236349362822
1.37298117280879
1.33364697926041
1.3261577608696
1.34315982983512
1.32938672119589
1.29624335025064
1.36184939880064
1.36336703397603
1.27017961431788
1.3257877608696
1.32836112293857
1.33773194190409
1.22557866604202
1.32955664017995
1.19693015238702
1.13565676949029
1.18351457121443
1.4269340108696
1.36770310829267
1.3514125631337
1.37982461431788
1.33533504535236
1.37741232983512
1.32630258473197
1.44028025211858
1.39189234715098
1.36540763137103
1.38332547890044
1.37590573500753
1.33059921540152
1.31507310569719
0.70969469767442
0.947033405172415
1.02694754310345
0.896489548387096
0.878372325056433
0.595954322580645
0.816359015384616
0.81206640860215
0.84992529032258
1.01018989247312
1.04764163090129
0.822446924731182
0.927067440860215
0.779600860215054
0.886640043010753
1.04316356989247
0.918403793103449
0.855800258064517
0.884475655913979
0.869439870967742
0.911277333333333
0.804035783783784
0.869371440860215
0.955394365591397
0.824474590570719
0.684237155172414
0.990083698924731
0.818016559139785
0.889187827956989
0.758753776824034
0.807648129032258
0.82708176344086
0.836478577586207
1.03099324731183
0.9962
0.819567268817205
0.810359053763441
0.916263397849463
1.04174601823708
0.819807397849463
0.875408706896552
0.792757811704834
0.914145505376344
1.36541519073231
1.26037130304333
1.52783963997638
1.12477791211461
1.95133488835651
1.54992171791626
1.11574188283071
0.749149747967736
0.959244480233311
1.42427099094115
1.45679106031989
0.812123052503374
0.892520566448801
0.918642145922747
0.797816025641026
0.873006295503212
0.892192660944205
0.874961330472103
0.907852548179871
0.925145622317597
1.002070472103
0.899988369098712
1.12762334047109
0.882850370370371
0.856688051391864
0.990027296137339
0.843371324786325
0.833625245202559
0.885636079404467
0.872095321888411
0.899756824034335
0.922375331905782
0.895040599571735
0.915563433476396
0.846867424892705
1.12331539784946
0.871410367912302
0.84878696877067
0.907063056084344
0.917021411015749
0.86663531414886
0.877719615224129
0.778586453933807
0.866189980815527
0.879753894794021
0.870247998813589
0.807203792805004
0.846378299242773
0.899244045331656
0.706600432428431
0.844193206621979
0.851410453933807
0.858329212739888
0.788182927052086
0.832569120600473
0.808875013073591
0.906961163611225
0.899862731548665
2.81016293874542
2.79236118458139
2.81838797635675
2.77102119524087
2.77972805702499
2.85596435810026
2.89674882769611
2.84622702476692
2.86393086036398
2.77285085355817
2.7863154118637
2.84283803551961
2.82119523982069
2.86961906777768
2.81341691724004
2.78626801548469
2.7916696501765
2.84203334734757
2.81921393732525
2.75306658631679
2.80010691007158
2.84993494650145
2.87706655164864
2.92399431620185
2.79026381326662
2.81551560076227
2.81788034217035
2.90427969243126
2.81876693874542
2.80043111078843
1.75817074220399
1.63692025418262
1.70950234819971
1.9698191298089
1.97860753021256
1.93321149349885
1.65324875845612
1.665721363189
1.96742657896894
1.74089418580655
2.02141277555014
1.67685850204586
1.62240320473076
1.56903551059287
1.58269832250378
1.89731495213844
1.72934034393532
1.94362397213133
1.68488721999458
1.66829256187492
2.07933696358432
1.81720264734501
1.86258008324244
1.86838989617412
2.03294149349885
2.21018025418261
1.86416277646523
0.861666422413793
0.905942505399568
0.952250669546437
0.888835603448276
0.9029426349892
0.768994310344828
0.863691336206897
1.00181056034483
0.975675670995671
0.995041987041037
0.890400259179265
0.865800344827586
0.90834073275862
0.913365529157669
0.906836285097192
0.892597019438445
0.862783103448276
0.849037877813505
0.833447112068965
0.917651034482759
0.966687715517241
0.96704125
0.940454224137931
0.867376587473002
0.935050517241379
0.797414913793103
0.714657213114754
0.84880676724138
0.884630991379312
0.798046681034483
0.857387715517241
0.799881206896552
0.877460086206896
0.921622967032967
0.893467629310345
0.874790258620689
0.825586594827586
0.717497198275862
0.804773046594982
0.934513965517241
0.822523189655173
0.796173677419354
0.912363318965518
0.931226349892008
0.827396293103448
0.848785533769063
0.871489310344828
0.854911354838709
0.786222931034482
0.799189114470843
0.900841727861771
0.870326293103448
0.883778401727862
0.866404612068966
0.861798405172414
0.874313261339093
0.931058272138229
0.788764870689656
0.880102543103449
0.819603066954643
0.841624482758621
0.831515431034483
0.990052715517242
0.785496853932584
