0.372111047697032
0.603014888898749
0.368277807353684
0.227364674306474
0.373134328358209
0.204200697504849
0.332772850272139
0.373134328358209
0.303580618512482
0.373134328358209
0.278985039113341
0.35951216357686
0.614153129242097
0.373134328358209
0.242547056784236
0.325211712933083
0.224171691473856
0.268923000486732
0.373134328358209
0.255197099199178
0.226445665722783
0.192641326666989
1.17507724941377
1.86720516867951
2.11718731460225
2.13386265794989
1.98970559786405
1.98709804421598
2.04651162790698
2.04651162790698
2.04651162790698
2.04651162790698
2.07023896696277
2.04651162790698
2.03852385966663
2.25411660644774
1.96066643477392
1.22612839055794
1.10654508583691
0.846610793991418
1.17177021459227
0.873422660944205
1.19756160944206
0.749551566523604
0.985579592711682
1.10245856223176
0.673112274678111
0.947949270386267
0.372281416309013
0.724367972177637
1.12637738197425
0.703778669527897
0.7930919527897
1.06854783261803
0.747806545064377
1.20116403433476
0.438891201716738
0.329827103004292
0.808306709265176
0.446939184549356
2.19231536295456
2.106049461667
2.12023021273996
2.18946246595885
2.20499353892022
2.01014083505756
2.20589881789018
1.9802183672464
2.06061049170992
2.18828555608761
2.19059089943524
2.20614607086098
2.08652877497172
2.16667604964983
2.02304497245778
1.00388650214592
1.21034740343348
0.818069227467812
1.13674946351931
0.86649178111588
0.835021115879828
0.85700416309013
0.808306709265176
0.936540364415863
0.905798497854078
0.904525987124464
1.19982902465166
0.743670830140486
0.308191856607811
0.565853943285178
1.15718695559123
0.818849780631353
0.778946880684859
1.03157899141631
1.13949221030043
1.09710924892704
1.10417225321888
1.43225225321888
0.501322636655948
0.973052896995708
1.24936921757771
0.808306709265176
0.0172970107026483
0.320676559591396
0.0127054805126357
0.282135283180798
0.169783260804429
0.240440910125853
0.281725857370952
0.227385921748635
0.151821491877872
0.234825630944938
0.316159868038238
0.0192814284822259
0.258874794035067
0.0327581448099015
5.00298870333992e-05
0.207366908873098
0.142382638486832
0.209438260804429
0.142886816411437
0.722431995708155
0.658453111587983
0.911896394849786
0.693799334763949
0.692363412017168
0.759067596566525
0.80349051502146
0.651854506437768
0.846294957081543
0.203805879828327
0.341154313304721
0.539478111587983
0.397601845493563
0.196468927038627
0.65914686695279
0.658974420600858
0.850516373390558
0.538732731871839
1.05145515021459
1.02612490889603
0.775426437768241
0.714463424291065
0.668598020331729
0.808306709265176
1.09287846153846
1.26529364806867
0.808306709265176
1.05796748927039
1.16566126609442
1.29438442060086
0.937225407725321
0.881207339055794
0.808306709265176
0.793573354769561
1.15310357984995
1.44303444206009
1.44399995708154
0.667494957081545
0.823545257510729
0.150035716717368
1.01082681202239
0.248676486583932
0.285714285714286
0.201908134584606
0.360696785825531
0
0.301300116743419
0.258164966528827
0
0.285714285714286
0.20234451588505
0.283797750456716
0.0679659254307618
0.0424723149843652
0.0538434025869592
0.865763228331401
1.05829829152468
0.401544406935944
0.413519391420924
0.573865116707799
0.193750096690858
0.428571428571429
0.428571428571429
0.312787530576712
0.467282846356547
0.474011193996031
0.366378533051825
0.508222009446675
0.565477503008907
0.428571428571429
