1	64cf6c13-7486-4c5b-892c-3249855dd371	1043	0	1	0
1	d153d24c-dfa4-4a85-9142-7181b3a054d6	1043	4	1	3
1	1ff4813f-2767-4fe4-8550-3f71e92d47ad	1043	1	1	1
0	45ab928b-8e5c-465c-a884-17b56b29e428	1043	0	0	0
0	f58a8090-a9d5-442e-ac54-bab549cda75d	1043	0	0	0
0	e1052f8e-4bb3-4dc5-bd74-61283e3646ac	1043	0	0	0
0	2b39005a-640d-4219-9b0b-6b6f9d579ce4	1043	0	0	0
1	87d07e61-6d9c-448c-88d3-c4a12313aa4b	1043	2	1	2
3	22b88456-fe8f-4138-af55-be12afca4b81	1043	3	3	3
0	ad84583d-e5ae-4926-b077-531a0f7d08a9	1043	3	0	3
0	2edce234-12bc-42a9-a84c-33a27972dc7f	1043	0	0	0
0	3f35ab36-964d-4f27-a22c-ac063856d997	1043	3	0	3
0	f1673644-c2b2-4ecb-a1ee-68e7bc6bac4f	1043	3	0	3
2	461d7ccc-f828-4646-94bf-755b2e67c652	1043	2	2	2
1	b672bcc3-d0cf-48de-8a7a-6658f6105304	1043	2	1	2
0	279625c6-dd87-4747-96c9-3f8bd164e25e	1043	2	0	2
0	a2fcfa56-e0c7-4377-953a-432c8b2b8410	1043	1	0	1
0	1ab3f3ce-1be8-407f-a219-1bb55d753644	1043	1	0	1
0	523a6364-527d-4bd8-bac4-8a2543b60620	1043	1	0	1
0	fda59d04-0d73-4c26-be1d-10ea691cf9df	1043	1	0	1
0	72d5e108-9228-46bc-b99f-309f4dc85c15	1043	0	0	0
0	34a7e889-fffd-428f-9ed7-0814403507a9	1043	0	0	0
0	f59d2b7c-c6d2-4726-a244-f33a15c8f2d5	1043	0	0	0
1	0f5bc0ae-118b-4338-afd1-653fc5bbd3a3	1043	1	1	1
1	ae5c4a71-dd03-4c8e-b905-357b48d14f1e	1043	1	1	1
0	222fec69-7615-4d08-bad0-d47751014f14	1043	0	0	0
0	edbbd001-ae29-4208-a7f0-cf088ac7db94	1043	1	0	1
0	08381404-b1b3-44f7-8e26-40a2183cfd28	1043	0	0	0
1	ceb52190-d81b-44d4-94cc-5823a918edfa	1043	3	1	3
1	858b51e0-1b31-4a93-8b8d-79d02b3606b7	1043	3	1	3
0	738e62aa-6552-4f8c-bee0-72fb96b7581e	1043	0	0	0
1	bbadb13c-ea0e-44e8-8908-cb1a18eebf40	1043	2	1	2
2	f28c38d1-cedf-4bd3-b488-bca6a64bb512	1043	3	2	2
1	50cd6ad2-9998-4dd7-83e7-ddb7da528256	1043	3	1	2
