0.558326423395605	36	0.277777777777778	0
0.611523686243276	38	0.315789473684211	0
0.372677996249965	30	0.166666666666667	0
0.653047156211015	34	0.5	0
0.829993306532582	30	0.666666666666667	0
0.670421451559434	29	0.413793103448276	0
0.764314127609385	41	0.585365853658537	0
0.6029704861784	38	0.289473684210526	0
0.722803268275351	43	0.581395348837209	0
0.779419700183111	39	0.461538461538462	0
0.58970764115858	35	0.371428571428571	0
0.718125959761428	37	0.432432432432432	0
0.640095478989051	36	0.416666666666667	0
0.487339717240448	40	0.25	0
0.769839633446142	35	0.514285714285714	0
0.661690730061002	41	0.414634146341463	0
0.797825718721762	41	0.560975609756098	0
0.785957080161478	38	0.526315789473684	0
0.810029179432375	39	0.564102564102564	0
0.768286828133578	46	0.58695652173913	0
0.720021138545555	29	0.586206896551724	0
0.835995746932297	30	0.633333333333333	0
0.677257473897788	44	0.363636363636364	0
0.758581694432563	43	0.488372093023256	0
0.656167322834317	48	0.333333333333333	0
0.836039435503053	34	0.647058823529412	0
0.714012639654773	44	0.386363636363636	0
0.4518321028158	34	0.176470588235294	0
0.63071801355283	27	0.481481481481481	0
0.694158510768669	41	0.390243902439024	0
0.700131711922309	41	0.439024390243902	0
0.646357314322177	45	0.4	0
0.653140718210045	38	0.315789473684211	0
0.851961421837751	39	0.692307692307692	0
0.728431359084684	42	0.571428571428571	0
0.637580006322979	44	0.340909090909091	0
0.850910361264084	34	0.735294117647059	0
0.837878759920868	35	0.571428571428571	0
0.687476521011554	44	0.431818181818182	0
0.800059486188133	41	0.48780487804878	0
0.711805216802088	30	0.4	0
0.67572130835398	29	0.517241379310345	0
0.812403840463596	40	0.7	0
0.698638131005772	42	0.5	0
0.677630927178938	28	0.428571428571429	0
0.760415210603396	42	0.571428571428571	0
0.761739400044561	36	0.444444444444444	0
0.74119835401868	40	0.525	0
0.575113469392761	41	0.24390243902439	0
0.758581694432563	43	0.488372093023256	0
0.661973274974183	42	0.452380952380952	0
0.595694674258222	49	0.36734693877551	0
0.6419488287058	46	0.391304347826087	0
0.794949334514122	36	0.583333333333333	0
0.63376813572591	38	0.421052631578947	0
0.770436745507363	23	0.434782608695652	0
0.61964338326126	39	0.358974358974359	0
0.841831421774738	29	0.655172413793103	0
0.563936779575534	45	0.355555555555556	0
0.731053196087811	28	0.535714285714286	0
0.671854812358212	48	0.416666666666667	0
0.771463355800236	34	0.588235294117647	0
0.818230489401885	42	0.738095238095238	1
0.642824346533225	33	0.363636363636364	0
0.602037357305871	35	0.542857142857143	0
0.691020007321808	34	0.411764705882353	0
0.668636144123349	39	0.41025641025641	0
0.837489635093408	48	0.583333333333333	0
0.676576849062234	38	0.552631578947368	0
0.752380889657458	31	0.580645161290323	0
0.684841780605425	44	0.409090909090909	0
0.795585679526834	41	0.585365853658537	0
0.640095478989051	48	0.416666666666667	0
0.582961190818051	32	0.3125	0
0.637580006322979	44	0.340909090909091	0
0.659727196424031	39	0.358974358974359	0
0.699205898780101	30	0.333333333333333	0
0.745613856542414	51	0.588235294117647	0
0.686735956289925	43	0.395348837209302	0
0.655554777357089	33	0.454545454545455	0
0.694566722003166	43	0.511627906976744	0
0.60087745756374	44	0.340909090909091	0
0.849802572407709	31	0.709677419354839	0
0.760838466080524	27	0.703703703703704	1
0.795698494829892	26	0.461538461538462	0
0.649519052838329	32	0.375	0
0.680931582517072	34	0.352941176470588	0
0.727278873074972	43	0.488372093023256	0
0.673959320196278	29	0.448275862068966	0
0.776188853181022	45	0.444444444444444	0
0.376883027379226	35	0.171428571428571	0
0.67401307762451	38	0.421052631578947	0
0.744031698899842	39	0.564102564102564	0
0.693787622798898	43	0.465116279069767	0
0.514100965532395	39	0.307692307692308	0
0.679735843049733	35	0.371428571428571	0
0.648513168455536	33	0.393939393939394	0
0.739932429347437	40	0.55	0
0.686375342732466	45	0.466666666666667	0
0.675719780842785	48	0.458333333333333	0
